0.350000 0.000100
0.351000 0.001400
0.352000 0.002200
0.353000 0.001500
0.354000 0.001200
0.355000 0.002500
0.356000 0.001000
0.357000 0.000600
0.358000 0.000400
0.359000 0.000100
0.360000 0.001000
0.361000 -0.000300
0.362000 0.000400
0.363000 0.001300
0.364000 0.000800
0.365000 0.001800
0.366000 0.001800
0.367000 0.001000
0.368000 0.001400
0.369000 0.001200
0.370000 0.001400
0.371000 0.000800
0.372000 -0.000400
0.373000 -0.000100
0.374000 0.000300
0.375000 0.000400
0.376000 0.000400
0.377000 0.000200
0.378000 0.000300
0.379000 0.000400
0.380000 0.000400
0.381000 0.000100
0.382000 -0.000100
0.383000 0.000100
0.384000 0.000200
0.385000 0.000300
0.386000 0.000400
0.387000 0.000500
0.388000 0.000500
0.389000 0.000300
0.390000 0.000600
0.391000 0.001400
0.392000 0.001900
0.393000 0.003300
0.394000 0.009400
0.395000 0.022700
0.396000 0.048900
0.397000 0.096100
0.398000 0.185600
0.399000 0.348100
0.400000 0.572700
0.401000 0.785200
0.402000 0.914500
0.403000 0.963100
0.404000 0.973900
0.405000 0.974900
0.406000 0.973100
0.407000 0.973300
0.408000 0.978600
0.409000 0.977200
0.410000 0.978100
0.411000 0.978400
0.412000 0.979800
0.413000 0.976600
0.414000 0.975400
0.415000 0.975600
0.416000 0.976100
0.417000 0.976000
0.418000 0.975300
0.419000 0.976800
0.420000 0.977000
0.421000 0.974800
0.422000 0.975600
0.423000 0.976500
0.424000 0.977200
0.425000 0.981700
0.426000 0.976900
0.427000 0.976600
0.428000 0.971600
0.429000 0.968700
0.430000 0.971700
0.431000 0.976200
0.432000 0.980900
0.433000 0.981200
0.434000 0.981900
0.435000 0.981400
0.436000 0.979700
0.437000 0.978700
0.438000 0.976400
0.439000 0.976800
0.440000 0.978400
0.441000 0.978600
0.442000 0.976700
0.443000 0.978100
0.444000 0.978400
0.445000 0.977200
0.446000 0.980000
0.447000 0.980600
0.448000 0.979500
0.449000 0.980400
0.450000 0.979600
0.451000 0.979000
0.452000 0.975600
0.453000 0.974800
0.454000 0.976700
0.455000 0.976800
0.456000 0.977600
0.457000 0.977700
0.458000 0.978300
0.459000 0.977300
0.460000 0.978100
0.461000 0.976800
0.462000 0.975600
0.463000 0.974800
0.464000 0.973200
0.465000 0.971600
0.466000 0.972000
0.467000 0.973100
0.468000 0.973300
0.469000 0.974500
0.470000 0.974500
0.471000 0.974900
0.472000 0.973700
0.473000 0.973200
0.474000 0.971200
0.475000 0.967500
0.476000 0.967600
0.477000 0.966900
0.478000 0.968800
0.479000 0.971300
0.480000 0.971400
0.481000 0.970200
0.482000 0.971000
0.483000 0.970300
0.484000 0.968300
0.485000 0.969100
0.486000 0.966000
0.487000 0.965100
0.488000 0.969800
0.489000 0.969300
0.490000 0.969300
0.491000 0.969000
0.492000 0.965800
0.493000 0.964800
0.494000 0.963300
0.495000 0.963600
0.496000 0.963000
0.497000 0.962100
0.498000 0.961100
0.499000 0.965600
0.500000 0.968100
0.501000 0.969600
0.502000 0.969900
0.503000 0.967100
0.504000 0.964600
0.505000 0.961900
0.506000 0.962100
0.507000 0.963200
0.508000 0.966700
0.509000 0.969600
0.510000 0.969400
0.511000 0.968800
0.512000 0.967500
0.513000 0.967200
0.514000 0.966700
0.515000 0.965800
0.516000 0.965200
0.517000 0.966100
0.518000 0.966000
0.519000 0.964300
0.520000 0.964300
0.521000 0.965100
0.522000 0.965900
0.523000 0.964900
0.524000 0.963500
0.525000 0.960300
0.526000 0.962000
0.527000 0.962600
0.528000 0.960300
0.529000 0.962600
0.530000 0.961300
0.531000 0.959200
0.532000 0.959400
0.533000 0.959700
0.534000 0.961700
0.535000 0.966700
0.536000 0.964800
0.537000 0.964200
0.538000 0.965900
0.539000 0.965500
0.540000 0.963100
0.541000 0.957000
0.542000 0.939200
0.543000 0.900900
0.544000 0.828900
0.545000 0.725500
0.546000 0.597400
0.547000 0.460600
0.548000 0.334300
0.549000 0.228400
0.550000 0.147000
0.551000 0.087700
0.552000 0.048800
0.553000 0.025800
0.554000 0.013700
0.555000 0.007600
0.556000 0.004700
0.557000 0.003200
0.558000 0.002300
0.559000 0.001800
0.560000 0.001500
0.561000 0.001000
0.562000 0.000700
0.563000 0.000500
0.564000 0.000400
0.565000 0.000300
0.566000 0.000300
0.567000 0.000300
0.568000 0.000300
0.569000 0.000300
0.570000 0.000200
0.571000 0.000300
0.572000 0.000300
0.573000 0.000300
0.574000 0.000300
0.575000 0.000300
0.576000 0.000400
0.577000 0.000100
0.578000 0.000100
0.579000 0.000300
0.580000 0.000200
0.581000 0.000300
0.582000 0.000400
0.583000 0.000200
0.584000 0.000100
0.585000 0.000200
0.586000 0.000200
0.587000 0.000100
0.588000 0.000100
0.589000 0.000300
0.590000 0.000200
0.591000 0.000100
0.592000 0.000200
0.593000 0.000200
0.594000 0.000300
0.595000 0.000200
0.596000 0.000300
0.597000 0.000300
0.598000 0.000100
0.599000 0.000100
0.600000 0.000100
