0.500000 -0.000100
0.502000 -0.000100
0.504000 -0.000100
0.506000 0.000100
0.508000 0.000200
0.510000 -0.000300
0.512000 0.000000
0.514000 0.000500
0.516000 -0.000800
0.518000 -0.001100
0.520000 -0.000300
0.522000 -0.000100
0.524000 -0.000100
0.526000 0.000300
0.528000 0.000900
0.530000 0.002900
0.532000 0.007400
0.534000 0.016800
0.536000 0.044200
0.538000 0.117000
0.540000 0.256100
0.542000 0.449000
0.544000 0.641800
0.546000 0.763900
0.548000 0.802100
0.550000 0.801700
0.552000 0.809200
0.554000 0.836300
0.556000 0.871900
0.558000 0.904200
0.560000 0.926500
0.562000 0.938700
0.564000 0.948400
0.566000 0.959500
0.568000 0.964700
0.570000 0.963000
0.572000 0.959600
0.574000 0.953400
0.576000 0.938200
0.578000 0.921100
0.580000 0.918100
0.582000 0.931800
0.584000 0.948100
0.586000 0.951000
0.588000 0.930700
0.590000 0.895100
0.592000 0.866900
0.594000 0.866400
0.596000 0.891700
0.598000 0.922400
0.600000 0.943900
0.602000 0.955900
0.604000 0.957300
0.606000 0.948200
0.608000 0.935900
0.610000 0.931900
0.612000 0.943500
0.614000 0.958100
0.616000 0.960800
0.618000 0.954300
0.620000 0.950900
0.622000 0.954900
0.624000 0.958400
0.626000 0.956800
0.628000 0.953000
0.630000 0.953400
0.632000 0.959200
0.634000 0.961800
0.636000 0.956500
0.638000 0.946600
0.640000 0.933700
0.642000 0.921800
0.644000 0.919700
0.646000 0.924600
0.648000 0.932200
0.650000 0.937700
0.652000 0.929000
0.654000 0.910600
0.656000 0.899800
0.658000 0.900800
0.660000 0.910800
0.662000 0.925000
0.664000 0.934200
0.666000 0.935600
0.668000 0.940600
0.670000 0.950800
0.672000 0.956300
0.674000 0.957700
0.676000 0.954400
0.678000 0.947100
0.680000 0.940200
0.682000 0.934900
0.684000 0.937600
0.686000 0.943100
0.688000 0.946400
0.690000 0.941900
0.692000 0.905000
0.694000 0.811900
0.696000 0.654000
0.698000 0.450200
0.700000 0.253300
0.702000 0.114900
0.704000 0.042900
0.706000 0.014700
0.708000 0.005400
0.710000 0.001900
0.712000 0.000600
0.714000 0.000600
0.716000 0.000900
0.718000 0.000600
0.720000 0.000100
0.722000 0.000000
0.724000 0.000100
0.726000 -0.000100
0.728000 -0.000400
0.730000 0.000300
0.732000 0.001300
0.734000 0.001300
0.736000 0.001000
0.738000 0.001200
0.740000 0.001100
0.742000 0.001500
0.744000 0.000900
0.746000 0.000100
0.748000 0.001600
0.750000 0.002900
