0.640000 -0.000300
0.642000 -0.000500
0.644000 -0.000600
0.646000 -0.000300
0.648000 -0.000600
0.650000 -0.000800
0.652000 -0.000200
0.654000 -0.000100
0.656000 -0.000100
0.658000 0.000000
0.660000 -0.000200
0.662000 -0.000200
0.664000 0.000300
0.666000 0.000600
0.668000 0.001100
0.670000 0.001400
0.672000 0.001900
0.674000 0.002800
0.676000 0.004400
0.678000 0.007200
0.680000 0.011400
0.682000 0.018800
0.684000 0.031200
0.686000 0.051400
0.688000 0.083600
0.690000 0.134000
0.692000 0.210200
0.694000 0.314600
0.696000 0.444500
0.698000 0.586200
0.700000 0.712800
0.702000 0.810900
0.704000 0.874500
0.706000 0.910800
0.708000 0.929400
0.710000 0.935900
0.712000 0.940000
0.714000 0.944800
0.716000 0.949200
0.718000 0.950700
0.720000 0.949000
0.722000 0.946400
0.724000 0.947600
0.726000 0.948400
0.728000 0.949200
0.730000 0.950100
0.732000 0.948600
0.734000 0.947800
0.736000 0.947000
0.738000 0.950100
0.740000 0.949600
0.742000 0.950900
0.744000 0.949200
0.746000 0.941900
0.748000 0.942800
0.750000 0.944300
0.752000 0.943800
0.754000 0.945800
0.756000 0.946200
0.758000 0.943200
0.760000 0.938400
0.762000 0.935500
0.764000 0.936000
0.766000 0.932900
0.768000 0.931900
0.770000 0.930800
0.772000 0.931000
0.774000 0.935400
0.776000 0.938400
0.778000 0.943100
0.780000 0.945200
0.782000 0.946400
0.784000 0.954000
0.786000 0.956100
0.788000 0.949700
0.790000 0.943900
0.792000 0.944900
0.794000 0.949800
0.796000 0.950700
0.798000 0.950200
0.800000 0.946900
0.802000 0.942700
0.804000 0.946400
0.806000 0.950200
0.808000 0.950200
0.810000 0.949100
0.812000 0.946400
0.814000 0.940300
0.816000 0.940800
0.818000 0.938000
0.820000 0.938400
0.822000 0.943500
0.824000 0.940200
0.826000 0.947000
0.828000 0.954200
0.830000 0.950400
0.832000 0.941600
0.834000 0.929200
0.836000 0.900100
0.838000 0.844800
0.840000 0.753500
0.842000 0.632800
0.844000 0.491600
0.846000 0.385400
0.848000 0.305700
0.850000 0.257600
0.852000 0.195300
0.854000 0.144800
0.856000 0.115100
0.858000 0.070200
0.860000 0.051700
0.862000 0.040500
0.864000 0.033400
0.866000 0.007200
0.868000 0.020500
0.870000 -0.011000
0.872000 0.009200
0.874000 -0.007200
0.876000 0.008800
0.878000 0.002200
0.880000 0.001000
0.882000 0.009000
0.884000 -0.006100
0.886000 0.000700
0.888000 0.002600
0.890000 0.003300
0.892000 -0.004700
0.894000 -0.005000
0.896000 0.004800
0.898000 0.003100
0.900000 0.002100
