0.900000 0.013900
0.902000 0.006000
0.904000 0.000500
0.906000 0.005500
0.908000 0.002700
0.910000 0.009200
0.912000 0.007300
0.914000 0.013900
0.916000 0.021400
0.918000 0.026000
0.920000 0.047400
0.922000 0.067100
0.924000 0.097900
0.926000 0.156700
0.928000 0.224000
0.930000 0.302200
0.932000 0.404800
0.934000 0.506400
0.936000 0.618900
0.938000 0.725300
0.940000 0.808800
0.942000 0.872600
0.944000 0.915300
0.946000 0.947300
0.948000 0.960500
0.950000 0.970100
0.952000 0.966600
0.954000 0.958000
0.956000 0.964700
0.958000 0.964100
0.960000 0.968900
0.962000 0.973700
0.964000 0.968700
0.966000 0.968800
0.968000 0.968100
0.970000 0.967900
0.972000 0.964900
0.974000 0.965600
0.976000 0.960700
0.978000 0.959700
0.980000 0.957100
0.982000 0.956400
0.984000 0.961900
0.986000 0.964300
0.988000 0.967300
0.990000 0.970300
0.992000 0.969400
0.994000 0.968600
0.996000 0.969900
0.998000 0.967800
1.000000 0.970500
1.002000 0.968900
1.004000 0.966900
1.006000 0.965700
1.008000 0.965700
1.010000 0.970500
1.012000 0.974400
1.014000 0.973900
1.016000 0.972500
1.018000 0.968800
1.020000 0.966300
1.022000 0.968900
1.024000 0.968300
1.026000 0.969500
1.028000 0.969500
1.030000 0.968100
1.032000 0.966600
1.034000 0.964200
1.036000 0.963900
1.038000 0.963500
1.040000 0.963800
1.042000 0.965900
1.044000 0.965200
1.046000 0.964000
1.048000 0.964400
1.050000 0.961200
1.052000 0.961100
1.054000 0.958400
1.056000 0.950400
1.058000 0.940600
1.060000 0.921700
1.062000 0.890000
1.064000 0.845600
1.066000 0.780200
1.068000 0.698000
1.070000 0.603600
1.072000 0.502500
1.074000 0.403300
1.076000 0.310000
1.078000 0.229900
1.080000 0.161900
1.082000 0.110200
1.084000 0.072300
1.086000 0.045700
1.088000 0.029500
1.090000 0.017000
1.092000 0.011400
1.094000 0.008500
1.096000 0.005600
1.098000 0.005900
1.100000 0.005200
