      0.16900000       0.0000000
      0.16910000    0.0024500000
      0.16920000    0.0049000001
      0.16930000    0.0073500001
      0.16940000    0.0098000002
      0.16950000     0.012250000
      0.16960000     0.014700000
      0.16970000     0.017150000
      0.16980000     0.019600000
      0.16990000     0.022049999
      0.17000000     0.024500001
      0.17010000     0.024676001
      0.17020000     0.024851999
      0.17030000     0.025028000
      0.17040000     0.025204001
      0.17050000     0.025380001
      0.17060000     0.025555999
      0.17070000     0.025732000
      0.17080000     0.025908001
      0.17090000     0.026084001
      0.17100000     0.026259999
      0.17110000     0.026436000
      0.17120000     0.026612000
      0.17130000     0.026788001
      0.17140000     0.026963999
      0.17150000     0.027140000
      0.17160000     0.027316000
      0.17170000     0.027492001
      0.17180000     0.027667999
      0.17190000     0.027844000
      0.17200000     0.028020000
      0.17210000     0.028196001
      0.17220000     0.028371999
      0.17230000     0.028548000
      0.17240000     0.028724000
      0.17250000     0.028900001
      0.17260000     0.029075999
      0.17270000     0.029252000
      0.17280000     0.029428000
      0.17290000     0.029604001
      0.17300000     0.029779999
      0.17310000     0.029956000
      0.17320000     0.030132000
      0.17330000     0.030308001
      0.17340000     0.030483999
      0.17350000     0.030660000
      0.17360000     0.030836000
      0.17370000     0.031012001
      0.17380000     0.031187999
      0.17390000     0.031364000
      0.17400000     0.031540000
      0.17410000     0.031716001
      0.17420000     0.031891999
      0.17430000     0.032068000
      0.17440000     0.032244000
      0.17450000     0.032420001
      0.17460000     0.032595999
      0.17470000     0.032772000
      0.17480000     0.032948000
      0.17490000     0.033124001
      0.17500000     0.033299999
      0.17510000     0.034672000
      0.17520000     0.036043999
      0.17530000     0.037416000
      0.17540000     0.038787999
      0.17550000     0.040159998
      0.17560000     0.041532001
      0.17570000     0.042904000
      0.17580000     0.044275999
      0.17590000     0.045647998
      0.17600000     0.047020001
      0.17610000     0.048392000
      0.17620000     0.049763999
      0.17630000     0.051135998
      0.17640000     0.052508001
      0.17650000     0.053880000
      0.17660000     0.055251999
      0.17670000     0.056623998
      0.17680000     0.057996001
      0.17690000     0.059368000
      0.17700000     0.060739999
      0.17710000     0.062112002
      0.17720000     0.063484001
      0.17730000     0.064856000
      0.17740000     0.066227999
      0.17750000     0.067600002
      0.17760000     0.068972001
      0.17770000     0.070344000
      0.17780000     0.071715999
      0.17790000     0.073088002
      0.17800000     0.074460001
      0.17810000     0.075832000
      0.17820000     0.077203999
      0.17830000     0.078576002
      0.17840000     0.079948001
      0.17850000     0.081320000
      0.17860000     0.082692003
      0.17870000     0.084063997
      0.17880000     0.085436001
      0.17890000     0.086808004
      0.17900000     0.088179998
      0.17910000     0.089552002
      0.17920000     0.090923996
      0.17930000     0.092296000
      0.17940000     0.093668003
      0.17950000     0.095039997
      0.17960000     0.096412001
      0.17970000     0.097784004
      0.17980000     0.099155998
      0.17990000      0.10052800
      0.18000000      0.10190000
      0.18010000      0.10338000
      0.18020000      0.10486000
      0.18030000      0.10634000
      0.18040000      0.10782000
      0.18050000      0.10930000
      0.18060000      0.11078000
      0.18070000      0.11226000
      0.18080000      0.11374000
      0.18090000      0.11522000
      0.18100000      0.11670000
      0.18110000      0.11818000
      0.18120000      0.11966000
      0.18130000      0.12114000
      0.18140000      0.12262000
      0.18150000      0.12410000
      0.18160000      0.12558000
      0.18170000      0.12706000
      0.18180000      0.12854000
      0.18190000      0.13002000
      0.18200000      0.13150000
      0.18210000      0.13298000
      0.18220000      0.13446000
      0.18230000      0.13594000
      0.18240000      0.13742000
      0.18250000      0.13890000
      0.18260000      0.14038000
      0.18270000      0.14186000
      0.18280000      0.14334000
      0.18290000      0.14482000
      0.18300000      0.14630000
      0.18310000      0.14778000
      0.18320000      0.14926000
      0.18330000      0.15074000
      0.18340000      0.15222000
      0.18350000      0.15370000
      0.18360000      0.15518000
      0.18370000      0.15666000
      0.18380000      0.15814000
      0.18390000      0.15962000
      0.18400000      0.16110001
      0.18410000      0.16257999
      0.18420000      0.16406000
      0.18430000      0.16554001
      0.18440000      0.16702000
      0.18450000      0.16850000
      0.18460000      0.16997999
      0.18470000      0.17146000
      0.18480000      0.17294001
      0.18490000      0.17441999
      0.18500000      0.17590000
      0.18510000      0.17771999
      0.18520000      0.17954000
      0.18530000      0.18136000
      0.18540000      0.18318001
      0.18550000      0.18500000
      0.18560000      0.18681999
      0.18570000      0.18864000
      0.18580000      0.19046000
      0.18590000      0.19228001
      0.18600000      0.19410000
      0.18610000      0.19591999
      0.18620000      0.19774000
      0.18630000      0.19955999
      0.18640000      0.20138000
      0.18650000      0.20320000
      0.18660000      0.20502001
      0.18670000      0.20684000
      0.18680000      0.20865999
      0.18690000      0.21048000
      0.18700000      0.21230000
      0.18710000      0.21412001
      0.18720000      0.21594000
      0.18730000      0.21775999
      0.18740000      0.21958000
      0.18750000      0.22139999
      0.18760000      0.22322000
      0.18770000      0.22504000
      0.18780000      0.22686001
      0.18790000      0.22868000
      0.18800000      0.23049999
      0.18810000      0.23232000
      0.18820000      0.23414000
      0.18830000      0.23596001
      0.18840000      0.23778000
      0.18850000      0.23959999
      0.18860000      0.24142000
      0.18870000      0.24323999
      0.18880000      0.24506001
      0.18890000      0.24688000
      0.18900000      0.24870001
      0.18910000      0.25052000
      0.18920000      0.25233999
      0.18930000      0.25416000
      0.18940000      0.25598000
      0.18950000      0.25780001
      0.18960000      0.25962000
      0.18970000      0.26143999
      0.18980000      0.26326000
      0.18990000      0.26507999
      0.19000000      0.26690001
      0.19010000      0.26823601
      0.19020000      0.26957199
      0.19030000      0.27090799
      0.19040000      0.27224400
      0.19050000      0.27358000
      0.19060000      0.27491600
      0.19070000      0.27625200
      0.19080000      0.27758801
      0.19090000      0.27892401
      0.19100000      0.28025999
      0.19110000      0.28159599
      0.19120000      0.28293200
      0.19130000      0.28426800
      0.19140000      0.28560400
      0.19150000      0.28694000
      0.19160000      0.28827600
      0.19170000      0.28961201
      0.19180000      0.29094801
      0.19190000      0.29228399
      0.19200000      0.29362000
      0.19210000      0.29495600
      0.19220000      0.29629200
      0.19230000      0.29762800
      0.19240000      0.29896400
      0.19250000      0.30030001
      0.19260000      0.30163601
      0.19270000      0.30297199
      0.19280000      0.30430799
      0.19290000      0.30564400
      0.19300000      0.30698000
      0.19310000      0.30831600
      0.19320000      0.30965200
      0.19330000      0.31098801
      0.19340000      0.31232401
      0.19350000      0.31365999
      0.19360000      0.31499599
      0.19370000      0.31633200
      0.19380000      0.31766800
      0.19390000      0.31900400
      0.19400000      0.32034000
      0.19410000      0.32167599
      0.19420000      0.32301201
      0.19430000      0.32434799
      0.19440000      0.32568401
      0.19450000      0.32702000
      0.19460000      0.32835602
      0.19470000      0.32969200
      0.19480000      0.33102798
      0.19490000      0.33236401
      0.19500000      0.33369999
      0.19510000      0.33601200
      0.19520000      0.33832401
      0.19530000      0.34063599
      0.19540000      0.34294800
      0.19550000      0.34526001
      0.19560000      0.34757198
      0.19570000      0.34988400
      0.19580000      0.35219601
      0.19590000      0.35450802
      0.19600000      0.35681999
      0.19610000      0.35913200
      0.19620000      0.36144402
      0.19630000      0.36375599
      0.19640000      0.36606800
      0.19650000      0.36838001
      0.19660000      0.37069199
      0.19670000      0.37300400
      0.19680000      0.37531601
      0.19690000      0.37762798
      0.19700000      0.37993999
      0.19710000      0.38225201
      0.19720000      0.38456402
      0.19730000      0.38687599
      0.19740000      0.38918800
      0.19750000      0.39150002
      0.19760000      0.39381199
      0.19770000      0.39612400
      0.19780000      0.39843601
      0.19790000      0.40074799
      0.19800000      0.40306000
      0.19810000      0.40537201
      0.19820000      0.40768398
      0.19830000      0.40999599
      0.19840000      0.41230801
      0.19850000      0.41462002
      0.19860000      0.41693199
      0.19870000      0.41924400
      0.19880000      0.42155602
      0.19890000      0.42386799
      0.19900000      0.42618000
      0.19910000      0.42849201
      0.19920000      0.43080399
      0.19930000      0.43311600
      0.19940000      0.43542801
      0.19950000      0.43773998
      0.19960000      0.44005199
      0.19970000      0.44236401
      0.19980000      0.44467602
      0.19990000      0.44698799
      0.20000000      0.44930000
      0.20010000      0.44973598
      0.20020000      0.45017200
      0.20030000      0.45060799
      0.20040000      0.45104401
      0.20050000      0.45147999
      0.20060000      0.45191601
      0.20070000      0.45235199
      0.20080000      0.45278801
      0.20090000      0.45322399
      0.20100000      0.45366001
      0.20110000      0.45409599
      0.20120000      0.45453201
      0.20130000      0.45496799
      0.20140000      0.45540401
      0.20150000      0.45584000
      0.20160000      0.45627602
      0.20170000      0.45671200
      0.20180000      0.45714802
      0.20190000      0.45758400
      0.20200000      0.45801998
      0.20210000      0.45845600
      0.20220000      0.45889198
      0.20230000      0.45932800
      0.20240000      0.45976398
      0.20250000      0.46020000
      0.20260000      0.46063599
      0.20270000      0.46107201
      0.20280000      0.46150799
      0.20290000      0.46194401
      0.20300000      0.46237999
      0.20310000      0.46281601
      0.20320000      0.46325199
      0.20330000      0.46368801
      0.20340000      0.46412399
      0.20350000      0.46456001
      0.20360000      0.46499599
      0.20370000      0.46543201
      0.20380000      0.46586800
      0.20390000      0.46630402
      0.20400000      0.46674000
      0.20410000      0.46717602
      0.20420000      0.46761200
      0.20430000      0.46804798
      0.20440000      0.46848400
      0.20450000      0.46891998
      0.20460000      0.46935600
      0.20470000      0.46979198
      0.20480000      0.47022800
      0.20490000      0.47066399
      0.20500000      0.47110001
      0.20510000      0.47219799
      0.20520000      0.47329601
      0.20530000      0.47439400
      0.20540000      0.47549198
      0.20550000      0.47659000
      0.20560000      0.47768799
      0.20570000      0.47878601
      0.20580000      0.47988400
      0.20590000      0.48098202
      0.20600000      0.48208000
      0.20610000      0.48317799
      0.20620000      0.48427601
      0.20630000      0.48537399
      0.20640000      0.48647202
      0.20650000      0.48757000
      0.20660000      0.48866798
      0.20670000      0.48976601
      0.20680000      0.49086399
      0.20690000      0.49196201
      0.20700000      0.49306000
      0.20710000      0.49415798
      0.20720000      0.49525600
      0.20730000      0.49635399
      0.20740000      0.49745201
      0.20750000      0.49855000
      0.20760000      0.49964802
      0.20770000      0.50074600
      0.20780000      0.50184399
      0.20790000      0.50294201
      0.20800000      0.50403999
      0.20810000      0.50513802
      0.20820000      0.50623600
      0.20830000      0.50733398
      0.20840000      0.50843201
      0.20850000      0.50952999
      0.20860000      0.51062801
      0.20870000      0.51172600
      0.20880000      0.51282398
      0.20890000      0.51392200
      0.20900000      0.51501999
      0.20910000      0.51611801
      0.20920000      0.51721600
      0.20930000      0.51831402
      0.20940000      0.51941200
      0.20950000      0.52050999
      0.20960000      0.52160801
      0.20970000      0.52270599
      0.20980000      0.52380402
      0.20990000      0.52490200
      0.21000000      0.52599998
      0.21010000      0.52737999
      0.21020000      0.52875999
      0.21030000      0.53014000
      0.21040000      0.53152000
      0.21050000      0.53290001
      0.21060000      0.53428001
      0.21070000      0.53566002
      0.21080000      0.53703999
      0.21090000      0.53841999
      0.21100000      0.53980000
      0.21110000      0.54118000
      0.21120000      0.54256001
      0.21130000      0.54394001
      0.21140000      0.54532002
      0.21150000      0.54669998
      0.21160000      0.54807999
      0.21170000      0.54945999
      0.21180000      0.55084000
      0.21190000      0.55222000
      0.21200000      0.55360001
      0.21210000      0.55498001
      0.21220000      0.55636002
      0.21230000      0.55773998
      0.21240000      0.55911999
      0.21250000      0.56049999
      0.21260000      0.56188000
      0.21270000      0.56326000
      0.21280000      0.56464001
      0.21290000      0.56602001
      0.21300000      0.56740002
      0.21310000      0.56877998
      0.21320000      0.57015999
      0.21330000      0.57153999
      0.21340000      0.57292000
      0.21350000      0.57430000
      0.21360000      0.57568001
      0.21370000      0.57706001
      0.21380000      0.57844002
      0.21390000      0.57981998
      0.21400000      0.58119999
      0.21410000      0.58257999
      0.21420000      0.58396000
      0.21430000      0.58534000
      0.21440000      0.58672001
      0.21450000      0.58810001
      0.21460000      0.58948002
      0.21470000      0.59085999
      0.21480000      0.59223999
      0.21490000      0.59362000
      0.21500000      0.59500000
      0.21510000      0.59543201
      0.21520000      0.59586399
      0.21530000      0.59629601
      0.21540000      0.59672798
      0.21550000      0.59716000
      0.21560000      0.59759201
      0.21570000      0.59802399
      0.21580000      0.59845600
      0.21590000      0.59888802
      0.21600000      0.59931999
      0.21610000      0.59975201
      0.21620000      0.60018398
      0.21630000      0.60061600
      0.21640000      0.60104801
      0.21650000      0.60147999
      0.21660000      0.60191200
      0.21670000      0.60234402
      0.21680000      0.60277599
      0.21690000      0.60320801
      0.21700000      0.60363998
      0.21710000      0.60407200
      0.21720000      0.60450401
      0.21730000      0.60493599
      0.21740000      0.60536800
      0.21750000      0.60580002
      0.21760000      0.60623199
      0.21770000      0.60666401
      0.21780000      0.60709599
      0.21790000      0.60752800
      0.21800000      0.60796001
      0.21810000      0.60839199
      0.21820000      0.60882401
      0.21830000      0.60925598
      0.21840000      0.60968800
      0.21850000      0.61012001
      0.21860000      0.61055199
      0.21870000      0.61098400
      0.21880000      0.61141602
      0.21890000      0.61184799
      0.21900000      0.61228001
      0.21910000      0.61271198
      0.21920000      0.61314400
      0.21930000      0.61357601
      0.21940000      0.61400799
      0.21950000      0.61444000
      0.21960000      0.61487202
      0.21970000      0.61530399
      0.21980000      0.61573601
      0.21990000      0.61616798
      0.22000000      0.61660000
      0.22010000      0.61555199
      0.22020000      0.61450401
      0.22030000      0.61345600
      0.22040000      0.61240799
      0.22050000      0.61136002
      0.22060000      0.61031200
      0.22070000      0.60926399
      0.22080000      0.60821602
      0.22090000      0.60716801
      0.22100000      0.60612000
      0.22110000      0.60507198
      0.22120000      0.60402401
      0.22130000      0.60297600
      0.22140000      0.60192799
      0.22150000      0.60088001
      0.22160000      0.59983200
      0.22170000      0.59878399
      0.22180000      0.59773602
      0.22190000      0.59668800
      0.22200000      0.59563999
      0.22210000      0.59459202
      0.22220000      0.59354401
      0.22230000      0.59249599
      0.22240000      0.59144798
      0.22250000      0.59040001
      0.22260000      0.58935200
      0.22270000      0.58830399
      0.22280000      0.58725601
      0.22290000      0.58620800
      0.22300000      0.58515999
      0.22310000      0.58411201
      0.22320000      0.58306400
      0.22330000      0.58201599
      0.22340000      0.58096802
      0.22350000      0.57992001
      0.22360000      0.57887199
      0.22370000      0.57782398
      0.22380000      0.57677601
      0.22390000      0.57572800
      0.22400000      0.57467998
      0.22410000      0.57363201
      0.22420000      0.57258400
      0.22430000      0.57153599
      0.22440000      0.57048801
      0.22450000      0.56944000
      0.22460000      0.56839199
      0.22470000      0.56734402
      0.22480000      0.56629601
      0.22490000      0.56524799
      0.22500000      0.56419998
      0.22510000      0.56352798
      0.22520000      0.56285599
      0.22530000      0.56218399
      0.22540000      0.56151199
      0.22550000      0.56084000
      0.22560000      0.56016800
      0.22570000      0.55949600
      0.22580000      0.55882401
      0.22590000      0.55815201
      0.22600000      0.55748001
      0.22610000      0.55680801
      0.22620000      0.55613602
      0.22630000      0.55546398
      0.22640000      0.55479198
      0.22650000      0.55411999
      0.22660000      0.55344799
      0.22670000      0.55277599
      0.22680000      0.55210400
      0.22690000      0.55143200
      0.22700000      0.55076000
      0.22710000      0.55008801
      0.22720000      0.54941601
      0.22730000      0.54874401
      0.22740000      0.54807201
      0.22750000      0.54740002
      0.22760000      0.54672798
      0.22770000      0.54605598
      0.22780000      0.54538399
      0.22790000      0.54471199
      0.22800000      0.54403999
      0.22810000      0.54336800
      0.22820000      0.54269600
      0.22830000      0.54202400
      0.22840000      0.54135201
      0.22850000      0.54068001
      0.22860000      0.54000801
      0.22870000      0.53933601
      0.22880000      0.53866402
      0.22890000      0.53799198
      0.22900000      0.53731998
      0.22910000      0.53664799
      0.22920000      0.53597599
      0.22930000      0.53530399
      0.22940000      0.53463200
      0.22950000      0.53396000
      0.22960000      0.53328800
      0.22970000      0.53261600
      0.22980000      0.53194401
      0.22990000      0.53127201
      0.23000000      0.53060001
      0.23010000      0.52951801
      0.23020000      0.52843601
      0.23030000      0.52735401
      0.23040000      0.52627201
      0.23050000      0.52519001
      0.23060000      0.52410801
      0.23070000      0.52302601
      0.23080000      0.52194401
      0.23090000      0.52086201
      0.23100000      0.51978001
      0.23110000      0.51869801
      0.23120000      0.51761600
      0.23130000      0.51653400
      0.23140000      0.51545200
      0.23150000      0.51437000
      0.23160000      0.51328800
      0.23170000      0.51220600
      0.23180000      0.51112400
      0.23190000      0.51004200
      0.23200000      0.50896000
      0.23210000      0.50787800
      0.23220000      0.50679600
      0.23230000      0.50571400
      0.23240000      0.50463200
      0.23250000      0.50355000
      0.23260000      0.50246799
      0.23270000      0.50138599
      0.23280000      0.50030399
      0.23290000      0.49922199
      0.23300000      0.49813999
      0.23310000      0.49705799
      0.23320000      0.49597599
      0.23330000      0.49489399
      0.23340000      0.49381199
      0.23350000      0.49272999
      0.23360000      0.49164799
      0.23370000      0.49056599
      0.23380000      0.48948399
      0.23390000      0.48840199
      0.23400000      0.48731998
      0.23410000      0.48623798
      0.23420000      0.48515598
      0.23430000      0.48407398
      0.23440000      0.48299198
      0.23450000      0.48191002
      0.23460000      0.48082802
      0.23470000      0.47974602
      0.23480000      0.47866402
      0.23490000      0.47758202
      0.23500000      0.47650002
      0.23510000      0.47711601
      0.23520000      0.47773201
      0.23530000      0.47834801
      0.23540000      0.47896400
      0.23550000      0.47958000
      0.23560000      0.48019600
      0.23570000      0.48081200
      0.23580000      0.48142799
      0.23590000      0.48204399
      0.23600000      0.48265999
      0.23610000      0.48327599
      0.23620000      0.48389198
      0.23630000      0.48450802
      0.23640000      0.48512402
      0.23650000      0.48574001
      0.23660000      0.48635601
      0.23670000      0.48697201
      0.23680000      0.48758801
      0.23690000      0.48820400
      0.23700000      0.48882000
      0.23710000      0.48943600
      0.23720000      0.49005199
      0.23730000      0.49066799
      0.23740000      0.49128399
      0.23750000      0.49189999
      0.23760000      0.49251598
      0.23770000      0.49313202
      0.23780000      0.49374802
      0.23790000      0.49436401
      0.23800000      0.49498001
      0.23810000      0.49559601
      0.23820000      0.49621201
      0.23830000      0.49682800
      0.23840000      0.49744400
      0.23850000      0.49806000
      0.23860000      0.49867599
      0.23870000      0.49929199
      0.23880000      0.49990799
      0.23890000      0.50052399
      0.23900000      0.50113998
      0.23910000      0.50175598
      0.23920000      0.50237202
      0.23930000      0.50298801
      0.23940000      0.50360401
      0.23950000      0.50422001
      0.23960000      0.50483601
      0.23970000      0.50545200
      0.23980000      0.50606800
      0.23990000      0.50668400
      0.24000000      0.50730000
      0.24010000      0.50784801
      0.24020000      0.50839600
      0.24030000      0.50894402
      0.24040000      0.50949200
      0.24050000      0.51004002
      0.24060000      0.51058800
      0.24070000      0.51113602
      0.24080000      0.51168400
      0.24090000      0.51223202
      0.24100000      0.51278000
      0.24110000      0.51332802
      0.24120000      0.51387600
      0.24130000      0.51442402
      0.24140000      0.51497200
      0.24150000      0.51551998
      0.24160000      0.51606800
      0.24170000      0.51661598
      0.24180000      0.51716400
      0.24190000      0.51771198
      0.24200000      0.51826000
      0.24210000      0.51880798
      0.24220000      0.51935600
      0.24230000      0.51990398
      0.24240000      0.52045200
      0.24250000      0.52099998
      0.24260000      0.52154800
      0.24270000      0.52209599
      0.24280000      0.52264400
      0.24290000      0.52319199
      0.24300000      0.52374001
      0.24310000      0.52428799
      0.24320000      0.52483601
      0.24330000      0.52538399
      0.24340000      0.52593201
      0.24350000      0.52647999
      0.24360000      0.52702801
      0.24370000      0.52757599
      0.24380000      0.52812401
      0.24390000      0.52867199
      0.24400000      0.52922001
      0.24410000      0.52976799
      0.24420000      0.53031601
      0.24430000      0.53086399
      0.24440000      0.53141201
      0.24450000      0.53195999
      0.24460000      0.53250801
      0.24470000      0.53305599
      0.24480000      0.53360401
      0.24490000      0.53415199
      0.24500000      0.53470001
      0.24510000      0.53450802
      0.24520000      0.53431599
      0.24530000      0.53412399
      0.24540000      0.53393200
      0.24550000      0.53374001
      0.24560000      0.53354801
      0.24570000      0.53335602
      0.24580000      0.53316399
      0.24590000      0.53297199
      0.24600000      0.53278000
      0.24610000      0.53258801
      0.24620000      0.53239601
      0.24630000      0.53220402
      0.24640000      0.53201199
      0.24650000      0.53181999
      0.24660000      0.53162800
      0.24670000      0.53143600
      0.24680000      0.53124401
      0.24690000      0.53105202
      0.24700000      0.53085999
      0.24710000      0.53066799
      0.24720000      0.53047600
      0.24730000      0.53028400
      0.24740000      0.53009201
      0.24750000      0.52990002
      0.24760000      0.52970798
      0.24770000      0.52951599
      0.24780000      0.52932400
      0.24790000      0.52913200
      0.24800000      0.52894001
      0.24810000      0.52874802
      0.24820000      0.52855598
      0.24830000      0.52836399
      0.24840000      0.52817200
      0.24850000      0.52798000
      0.24860000      0.52778801
      0.24870000      0.52759602
      0.24880000      0.52740398
      0.24890000      0.52721199
      0.24900000      0.52702000
      0.24910000      0.52682800
      0.24920000      0.52663601
      0.24930000      0.52644402
      0.24940000      0.52625198
      0.24950000      0.52605999
      0.24960000      0.52586800
      0.24970000      0.52567600
      0.24980000      0.52548401
      0.24990000      0.52529202
      0.25000000      0.52509998
      0.25010000      0.52492401
      0.25020000      0.52474800
      0.25030000      0.52457199
      0.25040000      0.52439602
      0.25050000      0.52422001
      0.25060000      0.52404400
      0.25070000      0.52386799
      0.25080000      0.52369202
      0.25090000      0.52351601
      0.25100000      0.52334000
      0.25110000      0.52316399
      0.25120000      0.52298801
      0.25130000      0.52281200
      0.25140000      0.52263599
      0.25150000      0.52245998
      0.25160000      0.52228401
      0.25170000      0.52210800
      0.25180000      0.52193199
      0.25190000      0.52175598
      0.25200000      0.52158001
      0.25210000      0.52140400
      0.25220000      0.52122799
      0.25230000      0.52105202
      0.25240000      0.52087601
      0.25250000      0.52070000
      0.25260000      0.52052399
      0.25270000      0.52034801
      0.25280000      0.52017200
      0.25290000      0.51999599
      0.25300000      0.51981998
      0.25310000      0.51964401
      0.25320000      0.51946800
      0.25330000      0.51929199
      0.25340000      0.51911598
      0.25350000      0.51894001
      0.25360000      0.51876400
      0.25370000      0.51858799
      0.25380000      0.51841202
      0.25390000      0.51823601
      0.25400000      0.51806000
      0.25410000      0.51788399
      0.25420000      0.51770802
      0.25430000      0.51753201
      0.25440000      0.51735600
      0.25450000      0.51717998
      0.25460000      0.51700401
      0.25470000      0.51682800
      0.25480000      0.51665199
      0.25490000      0.51647598
      0.25500000      0.51630001
      0.25510000      0.51598801
      0.25520000      0.51567600
      0.25530000      0.51536400
      0.25540000      0.51505199
      0.25550000      0.51473999
      0.25560000      0.51442799
      0.25570000      0.51411598
      0.25580000      0.51380402
      0.25590000      0.51349201
      0.25600000      0.51318001
      0.25610000      0.51286800
      0.25620000      0.51255600
      0.25630000      0.51224400
      0.25640000      0.51193199
      0.25650000      0.51161999
      0.25660000      0.51130798
      0.25670000      0.51099602
      0.25680000      0.51068401
      0.25690000      0.51037201
      0.25700000      0.51006001
      0.25710000      0.50974800
      0.25720000      0.50943600
      0.25730000      0.50912399
      0.25740000      0.50881199
      0.25750000      0.50849998
      0.25760000      0.50818802
      0.25770000      0.50787601
      0.25780000      0.50756401
      0.25790000      0.50725201
      0.25800000      0.50694000
      0.25810000      0.50662800
      0.25820000      0.50631599
      0.25830000      0.50600399
      0.25840000      0.50569199
      0.25850000      0.50537998
      0.25860000      0.50506802
      0.25870000      0.50475601
      0.25880000      0.50444401
      0.25890000      0.50413200
      0.25900000      0.50382000
      0.25910000      0.50350800
      0.25920000      0.50319599
      0.25930000      0.50288399
      0.25940000      0.50257198
      0.25950000      0.50226002
      0.25960000      0.50194801
      0.25970000      0.50163601
      0.25980000      0.50132401
      0.25990000      0.50101200
      0.26000000      0.50070000
      0.26010000      0.49982399
      0.26020000      0.49894798
      0.26030000      0.49807201
      0.26040000      0.49719601
      0.26050000      0.49632000
      0.26060000      0.49544399
      0.26070000      0.49456799
      0.26080000      0.49369202
      0.26090000      0.49281601
      0.26100000      0.49194000
      0.26110000      0.49106400
      0.26120000      0.49018799
      0.26130000      0.48931198
      0.26140000      0.48843601
      0.26150000      0.48756001
      0.26160000      0.48668400
      0.26170000      0.48580799
      0.26180000      0.48493198
      0.26190000      0.48405602
      0.26200000      0.48318001
      0.26210000      0.48230400
      0.26220000      0.48142799
      0.26230000      0.48055199
      0.26240000      0.47967602
      0.26250000      0.47880001
      0.26260000      0.47792400
      0.26270000      0.47704800
      0.26280000      0.47617199
      0.26290000      0.47529598
      0.26300000      0.47442001
      0.26310000      0.47354401
      0.26320000      0.47266800
      0.26330000      0.47179199
      0.26340000      0.47091599
      0.26350000      0.47004002
      0.26360000      0.46916401
      0.26370000      0.46828800
      0.26380000      0.46741199
      0.26390000      0.46653599
      0.26400000      0.46566002
      0.26410000      0.46478401
      0.26420000      0.46390800
      0.26430000      0.46303200
      0.26440000      0.46215599
      0.26450000      0.46127998
      0.26460000      0.46040401
      0.26470000      0.45952801
      0.26480000      0.45865200
      0.26490000      0.45777599
      0.26500000      0.45689999
      0.26510000      0.45528000
      0.26520000      0.45366001
      0.26530000      0.45203999
      0.26540000      0.45042000
      0.26550000      0.44880001
      0.26560000      0.44717999
      0.26570000      0.44556000
      0.26580000      0.44394001
      0.26590000      0.44231998
      0.26600000      0.44070000
      0.26610000      0.43908001
      0.26620000      0.43745998
      0.26630000      0.43584000
      0.26640000      0.43422001
      0.26650000      0.43259998
      0.26660000      0.43098000
      0.26670000      0.42936001
      0.26680000      0.42773998
      0.26690000      0.42612000
      0.26700000      0.42450001
      0.26710000      0.42287998
      0.26720000      0.42125999
      0.26730000      0.41964001
      0.26740000      0.41801998
      0.26750000      0.41639999
      0.26760000      0.41478001
      0.26770000      0.41316002
      0.26780000      0.41153999
      0.26790000      0.40992001
      0.26800000      0.40830002
      0.26810000      0.40667999
      0.26820000      0.40506001
      0.26830000      0.40344002
      0.26840000      0.40181999
      0.26850000      0.40020000
      0.26860000      0.39858002
      0.26870000      0.39695999
      0.26880000      0.39534000
      0.26890000      0.39372002
      0.26900000      0.39209999
      0.26910000      0.39048000
      0.26920000      0.38886002
      0.26930000      0.38723999
      0.26940000      0.38562000
      0.26950000      0.38400002
      0.26960000      0.38237999
      0.26970000      0.38076000
      0.26980000      0.37914001
      0.26990000      0.37751999
      0.27000000      0.37590000
      0.27010000      0.37336201
      0.27020000      0.37082401
      0.27030000      0.36828602
      0.27040000      0.36574799
      0.27050000      0.36320999
      0.27060000      0.36067200
      0.27070000      0.35813400
      0.27080000      0.35559601
      0.27090000      0.35305801
      0.27100000      0.35051998
      0.27110000      0.34798199
      0.27120000      0.34544399
      0.27130000      0.34290600
      0.27140000      0.34036800
      0.27150000      0.33783001
      0.27160000      0.33529202
      0.27170000      0.33275398
      0.27180000      0.33021599
      0.27190000      0.32767799
      0.27200000      0.32514000
      0.27210000      0.32260201
      0.27220000      0.32006401
      0.27230000      0.31752600
      0.27240000      0.31498800
      0.27250000      0.31245001
      0.27260000      0.30991199
      0.27270000      0.30737400
      0.27280000      0.30483601
      0.27290000      0.30229799
      0.27300000      0.29976000
      0.27310000      0.29722200
      0.27320000      0.29468399
      0.27330000      0.29214600
      0.27340000      0.28960800
      0.27350000      0.28707001
      0.27360000      0.28453199
      0.27370000      0.28199400
      0.27380000      0.27945601
      0.27390000      0.27691799
      0.27400000      0.27438000
      0.27410000      0.27184200
      0.27420000      0.26930401
      0.27430000      0.26676599
      0.27440000      0.26422800
      0.27450000      0.26169001
      0.27460000      0.25915199
      0.27470000      0.25661400
      0.27480000      0.25407600
      0.27490000      0.25153799
      0.27500000      0.24900000
      0.27510000      0.24618601
      0.27520000      0.24337200
      0.27530000      0.24055799
      0.27540000      0.23774401
      0.27550000      0.23493000
      0.27560000      0.23211599
      0.27570000      0.22930201
      0.27580000      0.22648800
      0.27590000      0.22367399
      0.27600000      0.22086000
      0.27610000      0.21804600
      0.27620000      0.21523199
      0.27630000      0.21241800
      0.27640000      0.20960400
      0.27650000      0.20679001
      0.27660000      0.20397600
      0.27670000      0.20116199
      0.27680000      0.19834801
      0.27690000      0.19553400
      0.27700000      0.19271999
      0.27710000      0.18990601
      0.27720000      0.18709200
      0.27730000      0.18427799
      0.27740000      0.18146400
      0.27750000      0.17865000
      0.27760000      0.17583599
      0.27770000      0.17302200
      0.27780000      0.17020800
      0.27790000      0.16739401
      0.27800000      0.16458000
      0.27810000      0.16176599
      0.27820000      0.15895200
      0.27830000      0.15613800
      0.27840000      0.15332400
      0.27850000      0.15051000
      0.27860000      0.14769600
      0.27870000      0.14488200
      0.27880000      0.14206800
      0.27890000      0.13925400
      0.27900000      0.13644000
      0.27910000      0.13362600
      0.27920000      0.13081200
      0.27930000      0.12799800
      0.27940000      0.12518400
      0.27950000      0.12237000
      0.27960000      0.11955600
      0.27970000      0.11674200
      0.27980000      0.11392800
      0.27990000      0.11111400
      0.28000000      0.10830000
      0.28010000      0.10682400
      0.28020000      0.10534800
      0.28030000      0.10387200
      0.28040000      0.10239600
      0.28050000      0.10092000
      0.28060000     0.099443998
      0.28070000     0.097967997
      0.28080000     0.096492004
      0.28090000     0.095016003
      0.28100000     0.093540001
      0.28110000     0.092063999
      0.28120000     0.090587997
      0.28130000     0.089111996
      0.28140000     0.087636004
      0.28150000     0.086160002
      0.28160000     0.084684000
      0.28170000     0.083207998
      0.28180000     0.081731997
      0.28190000     0.080256004
      0.28200000     0.078779998
      0.28210000     0.077304001
      0.28220000     0.075827999
      0.28230000     0.074352002
      0.28240000     0.072876000
      0.28250000     0.071399999
      0.28260000     0.069924002
      0.28270000     0.068448000
      0.28280000     0.066971998
      0.28290000     0.065496001
      0.28300000     0.064019999
      0.28310000     0.062543998
      0.28320000     0.061068001
      0.28330000     0.059591999
      0.28340000     0.058116002
      0.28350000     0.056640000
      0.28360000     0.055163999
      0.28370000     0.053688002
      0.28380000     0.052212000
      0.28390000     0.050735998
      0.28400000     0.049260001
      0.28410000     0.047783999
      0.28420000     0.046307998
      0.28430000     0.044832001
      0.28440000     0.043355999
      0.28450000     0.041880002
      0.28460000     0.040404000
      0.28470000     0.038928001
      0.28480000     0.037451999
      0.28490000     0.035976000
      0.28500000     0.034500001
      0.28510000     0.034059999
      0.28520000     0.033620000
      0.28530000     0.033180001
      0.28540000     0.032739999
      0.28550000     0.032300000
      0.28560000     0.031860001
      0.28570000     0.031420000
      0.28580000     0.030980001
      0.28590000     0.030539999
      0.28600000     0.030100000
      0.28610000     0.029660001
      0.28620000     0.029219999
      0.28630000     0.028780000
      0.28640000     0.028340001
      0.28650000     0.027900000
      0.28660000     0.027460001
      0.28670000     0.027019999
      0.28680000     0.026580000
      0.28690000     0.026140001
      0.28700000     0.025699999
      0.28710000     0.025260000
      0.28720000     0.024820001
      0.28730000     0.024380000
      0.28740000     0.023940000
      0.28750000     0.023499999
      0.28760000     0.023060000
      0.28770000     0.022620001
      0.28780000     0.022179999
      0.28790000     0.021740000
      0.28800000     0.021300001
      0.28810000     0.020860000
      0.28820000     0.020420001
      0.28830000     0.019980000
      0.28840000     0.019540000
      0.28850000     0.019100000
      0.28860000     0.018660001
      0.28870000     0.018220000
      0.28880000     0.017780000
      0.28890000     0.017340000
      0.28900000     0.016900001
      0.28910000     0.016460000
      0.28920000     0.016020000
      0.28930000     0.015580000
      0.28940000     0.015140001
      0.28950000     0.014700000
      0.28960000     0.014260000
      0.28970000     0.013820000
      0.28980000     0.013380001
      0.28990000     0.012940000
      0.29000000     0.012500000
      0.29010000     0.012522000
      0.29020000     0.012544000
      0.29030000     0.012566000
      0.29040000     0.012588000
      0.29050000     0.012610000
      0.29060000     0.012632000
      0.29070000     0.012654001
      0.29080000     0.012676001
      0.29090000     0.012697999
      0.29100000     0.012720000
      0.29110000     0.012742000
      0.29120000     0.012764000
      0.29130000     0.012786000
      0.29140000     0.012808000
      0.29150000     0.012830000
      0.29160000     0.012852000
      0.29170000     0.012874000
      0.29180000     0.012896000
      0.29190000     0.012918000
      0.29200000     0.012940000
      0.29210000     0.012962000
      0.29220000     0.012984000
      0.29230000     0.013006000
      0.29240000     0.013028001
      0.29250000     0.013049999
      0.29260000     0.013072000
      0.29270000     0.013094000
      0.29280000     0.013116000
      0.29290000     0.013138000
      0.29300000     0.013160000
      0.29310000     0.013182000
      0.29320000     0.013204000
      0.29330000     0.013226000
      0.29340000     0.013248000
      0.29350000     0.013270000
      0.29360000     0.013292000
      0.29370000     0.013314000
      0.29380000     0.013336000
      0.29390000     0.013358000
      0.29400000     0.013380001
      0.29410000     0.013401999
      0.29420000     0.013424000
      0.29430000     0.013446000
      0.29440000     0.013468000
      0.29450000     0.013490000
      0.29460000     0.013512000
      0.29470000     0.013534000
      0.29480000     0.013556000
      0.29490000     0.013578000
      0.29500000     0.013600000
      0.29510000     0.013698000
      0.29520000     0.013796001
      0.29530000     0.013894000
      0.29540000     0.013992000
      0.29550000     0.014090000
      0.29560000     0.014188000
      0.29570000     0.014286000
      0.29580000     0.014384000
      0.29590000     0.014482000
      0.29600000     0.014579999
      0.29610000     0.014678000
      0.29620000     0.014776000
      0.29630000     0.014874000
      0.29640000     0.014972000
      0.29650000     0.015070000
      0.29660000     0.015168001
      0.29670000     0.015266000
      0.29680000     0.015364000
      0.29690000     0.015462000
      0.29700000     0.015560000
      0.29710000     0.015657999
      0.29720000     0.015756000
      0.29730000     0.015854000
      0.29740000     0.015951999
      0.29750000     0.016050000
      0.29760000     0.016148000
      0.29770000     0.016246000
      0.29780000     0.016344000
      0.29790000     0.016442000
      0.29800000     0.016540000
      0.29810000     0.016638000
      0.29820000     0.016736000
      0.29830000     0.016834000
      0.29840000     0.016932000
      0.29850000     0.017030000
      0.29860000     0.017128000
      0.29870000     0.017226000
      0.29880000     0.017323999
      0.29890000     0.017422000
      0.29900000     0.017520000
      0.29910000     0.017618001
      0.29920000     0.017716000
      0.29930000     0.017814000
      0.29940000     0.017912000
      0.29950000     0.018010000
      0.29960000     0.018108000
      0.29970000     0.018206000
      0.29980000     0.018304000
      0.29990000     0.018401999
      0.30000000     0.018500000
      0.30010000     0.016650000
      0.30020000     0.014800000
      0.30030000     0.012950000
      0.30040000     0.011100000
      0.30050000    0.0092500001
      0.30060000    0.0074000001
      0.30070000    0.0055500001
      0.30080000    0.0037000000
      0.30090000    0.0018500000
      0.30100000       0.0000000
